9.998427629470825195e-01 0.000000000000000000e+00 0.000000000000000000e+00
9.997677206993103027e-01 0.000000000000000000e+00 0.000000000000000000e+00
9.998067021369934082e-01 0.000000000000000000e+00 0.000000000000000000e+00
9.997878670692443848e-01 0.000000000000000000e+00 0.000000000000000000e+00
1.000202298164367676e+00 0.000000000000000000e+00 0.000000000000000000e+00
9.997780919075012207e-01 0.000000000000000000e+00 0.000000000000000000e+00
1.000062584877014160e+00 0.000000000000000000e+00 2.296193361282348633e+00
1.000298023223876953e+00 0.000000000000000000e+00 0.000000000000000000e+00
1.000126123428344727e+00 0.000000000000000000e+00 2.296308755874633789e+00
9.999940395355224609e-01 3.910974483005702496e-04 0.000000000000000000e+00
1.000356554985046387e+00 2.140434080502018332e-04 0.000000000000000000e+00
1.000242710113525391e+00 0.000000000000000000e+00 0.000000000000000000e+00
1.000276803970336914e+00 0.000000000000000000e+00 0.000000000000000000e+00
1.000119090080261230e+00 0.000000000000000000e+00 0.000000000000000000e+00
1.000213742256164551e+00 0.000000000000000000e+00 0.000000000000000000e+00
1.000141263008117676e+00 0.000000000000000000e+00 0.000000000000000000e+00
1.000088930130004883e+00 0.000000000000000000e+00 0.000000000000000000e+00
1.000080943107604980e+00 0.000000000000000000e+00 0.000000000000000000e+00
